0.290021 1.632969 
0.300040 1.632877 
0.309894 1.623725 
0.303192 0.944715 
0.308528 0.929562 
0.314231 0.929370 
0.319847 0.927144 
0.325535 0.926882 
0.331663 0.934573 
0.339666 0.971169 
0.346837 0.988744 
0.356213 1.033193 
0.362552 1.032706 
0.368887 1.032180 
0.429077 1.615135 
0.441827 1.643050 
0.454925 1.670868 
0.467048 1.686660 
0.479138 1.700379 
0.494832 1.741801 
0.508984 1.767227 
1.401951 3.698574 
1.423736 3.688755 
1.446348 3.681668 
1.469840 3.677296 
1.495518 3.679421 
1.519669 3.676632 
1.544482 3.675575 
1.567673 3.669635 
1.593534 3.671080 
1.621175 3.677043 
1.644060 3.669682 
1.667967 3.664984 
2.470815 3.459676 
2.492002 3.446168 
1.695223 1.220781 
1.701925 1.211426 
1.687142 1.184007 
1.689766 1.171516 
1.682240 1.150790 
1.688498 1.141535 
1.695476 1.132871 
1.703185 1.124785 
1.709271 1.115416 
1.720049 1.109677 
1.728422 1.102031 
1.733558 1.091922 
1.738624 1.081791 
1.750076 1.076365 
1.756652 1.067325 
1.763173 1.058244 
1.780267 1.056609 
1.793291 1.051950 
1.799717 1.042645 
1.799462 1.028815 
1.801589 1.016695 
1.801119 1.002936 
1.787966 0.981041 
1.791432 0.970149 
1.797356 0.960857 
1.803223 0.951528 
1.813290 0.944787 
1.821622 0.936919 
1.835919 0.932584 
1.846777 0.926072 
1.852430 0.916441 
1.870162 0.913751 
1.876609 0.904470 
1.900464 0.904894 
1.922631 0.904096 
1.943969 0.902582 
1.967115 0.901783 
1.986773 0.898870 
2.028649 0.907263 
2.035074 0.896971 
2.751497 1.187546 
2.758738 1.172358 
2.750472 1.149953 
2.738389 1.126028 
2.764398 1.119550 
2.754765 1.096991 
2.761449 1.081785 
3.214707 1.152781 
3.221725 1.134752 
3.228632 1.116681 
2.264513 0.655597 
2.268498 0.643408 
1.562196 0.406199 
1.550337 0.393882 
1.546989 0.384338 
1.535901 0.372575 
1.538164 0.364862 
1.540379 0.357135 
2.253847 0.507317 
2.256923 0.495196 
2.259924 0.483057 
2.418521 0.507868 
2.424593 0.481587 
1.909682 0.355470 
1.911833 0.345464 
1.913922 0.335445 
2.139568 0.369894 
2.399988 0.381270 
2.148086 0.324146 
1.692393 0.236157 
1.691841 0.227169 
1.686290 0.217432 
1.682652 0.208066 
1.685882 0.199737 
1.687081 0.191107 
1.688228 0.182469 
1.701230 0.175294 
1.702279 0.166570 
1.722159 0.159934 
1.726097 0.151395 
1.724013 0.142225 
1.708926 0.131891 
1.709708 0.123121 
1.704456 0.113868 
1.704131 0.105052 
1.703751 0.096245 
1.702318 0.087384 
1.693841 0.078159 
1.698289 0.069678 
1.698690 0.060974 
1.704034 0.052452 
2.300962 0.012404 
2.077000 0.000003 
2.076966 -0.011023 
2.076865 -0.022049 
2.077695 -0.033092 
2.292394 -0.049398 
2.297050 -0.061898 
2.296633 -0.074274 
2.296139 -0.086646 
2.298566 -0.099162 
2.297919 -0.111546 
2.297197 -0.123926 
2.302385 -0.136705 
2.301508 -0.149112 
2.303545 -0.161752 
2.304508 -0.174337 
2.303400 -0.186756 
2.311172 -0.200050 
2.309907 -0.212509 
2.308565 -0.224960 
2.322044 -0.239148 
2.329471 -0.252774 
2.328873 -0.265474 
2.744952 -1.074584 
2.696259 -1.071048 
2.674142 -1.078869 
2.635657 -1.078964 
2.594541 -1.077362 
2.572519 -1.084275 
2.533375 -1.082730 
2.506918 -1.086886 
2.467952 -1.084541 
2.418381 -1.076365 
2.406394 -1.086735 
2.399686 -1.099762 
2.392898 -1.112747 
2.441594 -1.331928 
2.424900 -1.339868 
2.416638 -1.353004 
2.416711 -1.371490 
2.418315 -1.391119 
2.413078 -1.406415 
2.411892 -1.424477 
2.412219 -1.443698 
2.411567 -1.462412 
2.419797 -1.487449 
2.822866 -2.035161 
2.793239 -2.036873 
2.751320 -2.028149 
2.727292 -2.033688 
2.689517 -2.027419 
2.702151 -2.063567 
2.689444 -2.078390 
1.938890 -1.598906 
1.915449 -1.595785 
1.888552 -1.588924 
1.875237 -1.595229 
1.845039 -1.584355 
1.834590 -1.593213 
1.818539 -1.596241 
1.794925 -1.591167 
1.766636 -1.580764 
1.753506 -1.586192 
1.740365 -1.591520 
1.709082 -1.576740 
1.694711 -1.580264 
1.682339 -1.585918 
1.660741 -1.580935 
1.641870 -1.578777 
1.631508 -1.586342 
1.605654 -1.575476 
1.589570 -1.575889 
1.572898 -1.575392 
1.561948 -1.581741 
1.537222 -1.570840 
1.527560 -1.578524 
1.513544 -1.580631 
1.503212 -1.587378 
1.023570 -0.977286 
1.009151 -0.970636 
1.003182 -0.975092 
0.981235 -0.957726 
0.973587 -0.959579 
0.960717 -0.954049 
0.953698 -0.956572 
0.944392 -0.955761 
0.938515 -0.959820 
0.937098 -0.970467 
0.927242 -0.968660 
0.921286 -0.972613 
0.915307 -0.976530 
0.909303 -0.980410 
0.899530 -0.978339 
0.891396 -0.978729 
0.885379 -0.982462 
0.877262 -0.982740 
0.866594 -0.978667 
0.857525 -0.977082 
0.851519 -0.980607 
0.848481 -0.989298 
0.840921 -0.990157 
0.836298 -0.996200 
0.830175 -0.999594 
0.822601 -1.000314 
0.816453 -1.003625 
0.811682 -1.009552 
0.809623 -1.020784 
0.805625 -1.028467 
0.811444 -1.055789 
0.819168 -1.087701 
0.816870 -1.099976 
0.822237 -1.128487 
0.821716 -1.145353 
0.827338 -1.175853 
0.824694 -1.189190 
0.828069 -1.216214 
0.820596 -1.219554 
0.813103 -1.222848 
0.720880 -1.028487 
0.714561 -1.031173 
0.704782 -1.025505 
0.697351 -1.025313 
0.691051 -1.027855 
0.683274 -1.026635 
0.676968 -1.029090 
0.670646 -1.031506 
0.664309 -1.033884 
0.656245 -1.031525 
0.649908 -1.033814 
0.643558 -1.036064 
0.635893 -1.034493 
0.628580 -1.033815 
0.621917 -1.034985 
0.615252 -1.036112 
0.608888 -1.038149 
0.602512 -1.040148 
0.596124 -1.042107 
0.589155 -1.042110 
0.581919 -1.041106 
0.574980 -1.041014 
0.568053 -1.040877 
0.561661 -1.042625 
0.554749 -1.042400 
0.548348 -1.044066 
0.542908 -1.049573 
0.536463 -1.051166 
0.529084 -1.048828 
0.523544 -1.054234 
0.515099 -1.046928 
0.508458 -1.047373 
0.502234 -1.049734 
0.495789 -1.051078 
0.488945 -1.050420 
0.482496 -1.051683 
0.475856 -1.051922 
0.468867 -1.050151 
0.462420 -1.051291 
0.455966 -1.052390 
0.449505 -1.053450 
0.443650 -1.058423 
0.437886 -1.064353 
0.569482 -2.037539 
0.556974 -2.039277 
0.531929 -2.042522 
0.519275 -2.043036 
0.506735 -2.044466 
0.493977 -2.043829 
0.481433 -2.045104 
0.469708 -2.055263 
0.457093 -2.056389 
0.443755 -2.048465 
0.431109 -2.048434 
0.417795 -2.038348 
0.405286 -2.039155 
0.392771 -2.039885 
0.380253 -2.040539 
0.367430 -2.034122 
0.355242 -2.042615 
0.342462 -2.035042 
0.330342 -2.050382 
0.302971 0.935718 
0.308559 0.930562 
0.314268 0.930369 
0.319976 0.930141 
0.325928 0.934873 
0.332657 0.952546 
0.338501 0.952205 
0.346635 0.985750 
0.353050 0.990309 
0.359125 0.989843 
0.365197 0.989338 
0.427790 1.601194 
0.437612 1.600257 
0.447428 1.599260 
0.457128 1.597208 
0.466925 1.596092 
0.476225 1.590945 
0.485983 1.589711 
0.495734 1.588417 
0.506601 1.594984 
0.516677 1.595542 
0.528296 1.605918 
0.538463 1.606339 
0.550623 1.618531 
0.561746 1.623737 
0.572589 1.626899 
0.582566 1.625073 
0.592720 1.624168 
0.603655 1.627123 
0.614438 1.629024 
0.627741 1.642595 
0.638878 1.645315 
0.652473 1.658693 
1.398468 3.687091 
1.420182 3.677293 
1.442724 3.670228 
1.466145 3.665879 
1.493949 3.674674 
1.517432 3.669999 
1.541554 3.667065 
1.564362 3.660199 
1.593534 3.671080 
1.616720 3.664830 
1.645105 3.672494 
1.667613 3.664049 
1.702038 1.226659 
1.696597 1.206886 
1.693263 1.189158 
1.683613 1.166403 
1.683786 1.152059 
1.686944 1.140276 
1.691572 1.129747 
1.698478 1.121064 
1.702176 1.109879 
1.708960 1.101131 
1.721260 1.096581 
1.735957 1.093724 
1.742640 1.084769 
1.750882 1.076956 
1.760705 1.070254 
1.774570 1.066375 
1.785173 1.060064 
1.791649 1.050808 
1.804665 1.046039 
1.811055 1.036664 
1.810735 1.022806 
1.796110 0.999633 
1.791318 0.983222 
1.789749 0.969069 
1.795667 0.959787 
1.801527 0.950469 
1.808182 0.941640 
1.815640 0.933284 
1.827342 0.927443 
1.842473 0.923528 
1.858478 0.919966 
1.866694 0.911758 
1.875739 0.903977 
1.898717 0.903919 
1.916498 0.900721 
1.921994 0.890662 
1.981225 0.909326 
1.993851 0.902598 
2.022436 0.904039 
2.035964 0.897426 
2.756906 1.190144 
2.764161 1.174924 
2.761351 1.155017 
2.735662 1.124779 
2.775338 1.124480 
2.757507 1.098206 
2.764199 1.082984 
3.201676 1.147662 
3.208663 1.129714 
3.215540 1.111722 
2.263296 0.668720 
2.259766 0.654029 
1.556825 0.413136 
1.553616 0.403481 
1.545562 0.392401 
1.541247 0.382597 
1.540695 0.373997 
1.542966 0.366255 
1.545189 0.358499 
2.255784 0.507815 
2.258863 0.495682 
2.261867 0.483531 
2.428251 0.510179 
2.434350 0.483778 
1.908705 0.355257 
1.910855 0.345257 
1.912942 0.335244 
1.982643 0.338679 
2.050480 0.340893 
2.123322 0.343202 
2.125393 0.331885 
2.127395 0.320556 
1.687461 0.235333 
1.682955 0.225739 
1.680361 0.216516 
1.681663 0.207919 
1.682912 0.199315 
1.684109 0.190703 
1.688228 0.182469 
1.699245 0.175049 
1.700293 0.166338 
1.718183 0.159494 
1.731069 0.151916 
1.720032 0.141833 
1.709922 0.131983 
1.710705 0.123207 
1.703459 0.113789 
1.699144 0.104684 
1.699760 0.095975 
1.700322 0.087262 
1.700831 0.078545 
1.701286 0.069825 
1.701688 0.061103 
1.702036 0.052379 
2.301962 0.012410 
2.079000 0.000003 
2.075966 -0.011017 
2.075865 -0.022037 
2.078695 -0.033111 
2.300391 -0.049595 
2.300049 -0.061991 
2.299631 -0.074384 
2.297138 -0.086689 
2.296568 -0.099064 
2.295922 -0.111436 
2.295201 -0.123803 
2.296399 -0.136301 
2.296522 -0.148744 
2.304542 -0.161832 
2.303511 -0.174251 
2.302404 -0.186664 
2.310177 -0.199951 
2.316869 -0.213238 
2.315522 -0.225732 
2.322044 -0.239148 
2.327486 -0.252530 
2.346724 -0.267786 
2.744036 -1.074185 
2.694430 -1.070237 
2.667760 -1.075993 
2.630202 -1.076465 
2.589102 -1.074830 
2.563479 -1.079999 
2.525262 -1.078832 
2.496134 -1.081623 
2.465264 -1.083209 
2.427314 -1.080861 
2.409956 -1.088555 
2.403236 -1.101604 
2.396437 -1.114611 
2.433932 -1.327207 
2.425748 -1.340398 
2.417483 -1.353539 
2.409979 -1.367169 
2.413285 -1.387847 
2.413913 -1.406965 
2.406071 -1.420588 
2.417188 -1.447062 
2.415690 -1.465240 
2.413228 -1.482883 
2.843152 -2.025720 
2.792417 -2.010791 
2.772263 -2.019873 
2.759823 -2.035127 
2.721908 -2.029214 
2.681865 -2.020981 
2.696823 -2.059027 
2.684143 -2.073818 
1.928810 -1.589190 
1.915449 -1.595785 
1.887130 -1.587519 
1.864631 -1.584622 
1.842228 -1.581510 
1.826908 -1.585340 
1.815763 -1.593361 
1.796994 -1.593339 
1.761840 -1.575664 
1.750783 -1.583262 
1.739012 -1.590046 
1.708410 -1.575999 
1.697379 -1.583244 
1.679689 -1.582921 
1.664030 -1.584701 
1.640563 -1.577262 
1.629563 -1.584058 
1.609517 -1.580067 
1.586375 -1.572044 
1.574167 -1.576938 
1.559429 -1.578634 
1.547844 -1.584112 
1.538101 -1.591862 
1.516620 -1.584573 
1.506264 -1.591339 
1.022965 -0.976490 
1.008551 -0.969837 
0.999012 -0.969469 
0.978872 -0.954499 
0.970658 -0.955527 
0.959555 -0.952421 
0.950244 -0.951667 
0.940396 -0.950014 
0.934555 -0.954048 
0.928688 -0.958046 
0.927242 -0.968660 
0.921286 -0.972613 
0.915307 -0.976530 
0.909303 -0.980410 
0.901670 -0.981718 
0.892986 -0.981273 
0.885379 -0.982462 
0.878301 -0.984449 
0.868137 -0.981240 
0.859561 -0.980526 
0.853533 -0.984063 
0.846986 -0.986697 
0.840921 -0.990157 
0.834835 -0.993580 
0.828728 -0.996966 
0.822124 -0.999435 
0.815981 -1.002743 
0.813080 -1.012206 
0.807781 -1.017233 
0.806535 -1.030248 
0.815041 -1.062935 
0.814726 -1.078742 
0.813799 -1.093685 
0.830033 -1.144711 
0.823854 -1.149873 
0.822274 -1.164974 
0.827192 -1.194645 
0.836286 -1.234448 
0.828701 -1.237838 
0.821095 -1.241182 
0.721668 -1.030325 
0.714561 -1.031173 
0.706695 -1.030124 
0.699236 -1.029944 
0.691051 -1.027855 
0.682909 -1.025704 
0.675888 -1.026291 
0.669583 -1.028701 
0.662916 -1.030134 
0.655217 -1.028707 
0.648898 -1.030990 
0.640909 -1.028516 
0.636218 -1.035439 
0.629858 -1.037605 
0.623485 -1.039732 
0.616483 -1.039917 
0.610096 -1.041962 
0.603104 -1.042058 
0.595833 -1.041150 
0.589439 -1.043068 
0.581640 -1.040145 
0.574980 -1.041014 
0.567787 -1.039913 
0.561400 -1.041660 
0.555004 -1.043367 
0.548348 -1.044066 
0.542422 -1.047633 
0.535989 -1.049223 
0.527929 -1.043964 
0.521519 -1.045465 
0.515099 -1.046928 
0.508671 -1.048350 
0.502234 -1.049734 
0.495387 -1.049118 
0.488945 -1.050420 
0.482496 -1.051683 
0.475490 -1.049956 
0.469044 -1.051136 
0.462591 -1.052276 
0.455636 -1.050417 
0.449188 -1.051475 
0.443955 -1.060400 
0.440820 -1.084137 
0.451185 -1.204900 
0.555225 -2.026395 
0.543557 -2.033996 
0.531072 -2.035575 
0.518344 -2.035090 
0.505853 -2.036515 
0.493873 -2.042835 
0.481335 -2.044109 
0.468789 -2.045306 
0.456235 -2.046425 
0.442799 -2.036503 
0.430300 -2.037464 
0.417526 -2.034357 
0.404918 -2.033166 
0.392330 -2.031897 
0.379860 -2.032548 
0.367387 -2.033123 
0.355058 -2.037618 
0.342554 -2.038040 
0.330415 -2.053381 
