0.000000 0.000000 0.000000 -0.150000 
0.002000 0.000000 -0.001500 -0.150000 
0.004000 -0.000003 -0.003000 -0.150000 
0.006000 -0.000009 -0.004500 -0.150000 
0.008000 -0.000018 -0.006000 -0.150000 
0.010000 -0.000030 -0.007500 -0.150000 
0.012000 -0.000045 -0.009000 -0.150000 
0.014000 -0.000063 -0.010500 -0.150000 
0.016000 -0.000084 -0.012000 -0.150000 
0.018000 -0.000108 -0.013500 -0.150000 
0.019999 -0.000135 -0.015000 -0.150000 
0.021999 -0.000165 -0.016500 -0.150000 
0.023999 -0.000198 -0.018000 -0.150000 
0.025999 -0.000234 -0.019500 -0.150000 
0.027998 -0.000273 -0.021000 -0.150000 
0.029998 -0.000315 -0.022500 -0.150000 
0.031997 -0.000360 -0.024000 -0.150000 
0.033997 -0.000408 -0.025500 -0.150000 
0.035996 -0.000459 -0.027000 -0.150000 
0.037995 -0.000513 -0.028500 -0.150000 
0.039994 -0.000570 -0.030000 -0.150000 
0.041994 -0.000630 -0.031500 -0.150000 
0.043993 -0.000693 -0.033000 -0.150000 
0.045991 -0.000759 -0.034500 -0.150000 
0.047990 -0.000828 -0.036000 -0.150000 
0.049989 -0.000900 -0.037500 -0.150000 
0.051988 -0.000975 -0.039000 -0.150000 
0.053986 -0.001053 -0.040500 -0.150000 
0.055984 -0.001134 -0.042000 -0.150000 
0.057983 -0.001218 -0.043500 -0.150000 
0.059981 -0.001305 -0.045000 -0.150000 
0.061979 -0.001395 -0.046500 -0.150000 
0.063977 -0.001488 -0.048000 -0.150000 
0.065974 -0.001584 -0.049500 -0.150000 
0.067972 -0.001683 -0.051000 -0.150000 
0.069969 -0.001785 -0.052500 -0.150000 
0.071966 -0.001890 -0.054000 -0.150000 
0.073964 -0.001998 -0.055500 -0.150000 
0.075960 -0.002108 -0.057000 -0.150000 
0.077957 -0.002222 -0.058500 -0.150000 
0.079954 -0.002339 -0.060000 -0.150000 
0.081950 -0.002459 -0.061500 -0.150000 
0.083946 -0.002582 -0.063000 -0.150000 
0.085942 -0.002708 -0.064500 -0.150000 
0.087938 -0.002837 -0.066000 -0.150000 
0.089934 -0.002969 -0.067500 -0.150000 
0.091929 -0.003104 -0.069000 -0.150000 
0.093925 -0.003242 -0.070500 -0.150000 
0.095920 -0.003383 -0.072000 -0.150000 
0.097914 -0.003526 -0.073500 -0.150000 
0.099909 -0.003673 -0.075000 -0.150000 
0.101903 -0.003823 -0.076500 -0.150000 
0.103898 -0.003976 -0.078000 -0.150000 
0.105892 -0.004132 -0.079500 -0.150000 
0.107885 -0.004291 -0.081000 -0.150000 
0.109879 -0.004453 -0.082500 -0.150000 
0.111872 -0.004617 -0.084000 -0.150000 
0.113865 -0.004785 -0.085500 -0.150000 
0.115857 -0.004956 -0.087000 -0.150000 
0.117850 -0.005130 -0.088500 -0.150000 
0.119842 -0.005306 -0.090000 -0.150000 
0.121834 -0.005486 -0.091500 -0.150000 
0.123826 -0.005669 -0.093000 -0.150000 
0.125817 -0.005855 -0.094500 -0.150000 
0.127808 -0.006043 -0.096000 -0.150000 
0.129799 -0.006235 -0.097500 -0.150000 
0.131789 -0.006430 -0.099000 -0.150000 
0.133780 -0.006628 -0.100500 -0.150000 
0.135769 -0.006828 -0.102000 -0.150000 
0.137759 -0.007032 -0.103500 -0.150000 
0.139748 -0.007238 -0.105000 -0.150000 
0.141737 -0.007448 -0.106500 -0.150000 
0.143726 -0.007661 -0.108000 -0.150000 
0.145714 -0.007876 -0.109500 -0.150000 
0.147702 -0.008095 -0.111000 -0.150000 
0.149690 -0.008316 -0.112500 -0.150000 
0.151677 -0.008541 -0.114000 -0.150000 
0.153664 -0.008768 -0.115500 -0.150000 
0.155651 -0.008999 -0.117000 -0.150000 
0.157637 -0.009232 -0.118500 -0.150000 
0.159623 -0.009469 -0.120000 -0.150000 
0.161609 -0.009708 -0.121500 -0.150000 
0.163594 -0.009951 -0.123000 -0.150000 
0.165579 -0.010196 -0.124500 -0.150000 
0.167564 -0.010444 -0.126000 -0.150000 
0.169548 -0.010696 -0.127500 -0.150000 
0.171532 -0.010950 -0.129000 -0.150000 
0.173515 -0.011207 -0.130500 -0.150000 
0.175498 -0.011468 -0.132000 -0.150000 
0.177481 -0.011731 -0.133500 -0.150000 
0.179463 -0.011997 -0.135000 -0.150000 
0.181445 -0.012266 -0.136500 -0.150000 
0.183426 -0.012538 -0.138000 -0.150000 
0.185407 -0.012813 -0.139500 -0.150000 
0.187388 -0.013092 -0.141000 -0.150000 
0.189368 -0.013373 -0.142500 -0.150000 
0.191347 -0.013657 -0.144000 -0.150000 
0.193327 -0.013944 -0.145500 -0.150000 
0.195306 -0.014234 -0.147000 -0.150000 
0.197284 -0.014527 -0.148500 -0.150000 
0.199262 -0.014822 -0.150000 -0.150000 
0.201240 -0.015121 -0.151500 -0.150000 
0.203217 -0.015423 -0.153000 -0.150000 
0.205193 -0.015728 -0.154500 -0.150000 
0.207169 -0.016036 -0.156000 -0.150000 
0.209145 -0.016346 -0.157500 -0.150000 
0.211120 -0.016660 -0.159000 -0.150000 
0.213095 -0.016977 -0.160500 -0.150000 
0.215070 -0.017296 -0.162000 -0.150000 
0.217043 -0.017619 -0.163500 -0.150000 
0.219017 -0.017945 -0.165000 -0.150000 
0.220989 -0.018273 -0.166500 -0.150000 
0.222962 -0.018605 -0.168000 -0.150000 
0.224934 -0.018939 -0.169500 -0.150000 
0.226905 -0.019276 -0.171000 -0.150000 
0.228876 -0.019617 -0.172500 -0.150000 
0.230846 -0.019960 -0.174000 -0.150000 
0.232816 -0.020306 -0.175500 -0.150000 
0.234785 -0.020655 -0.177000 -0.150000 
0.236754 -0.021008 -0.178500 -0.150000 
0.238722 -0.021363 -0.180000 -0.150000 
0.240690 -0.021721 -0.181500 -0.150000 
0.242657 -0.022082 -0.183000 -0.150000 
0.244624 -0.022446 -0.184500 -0.150000 
0.246590 -0.022813 -0.186000 -0.150000 
0.248555 -0.023183 -0.187500 -0.150000 
0.250520 -0.023555 -0.189000 -0.150000 
0.252485 -0.023931 -0.190500 -0.150000 
0.254448 -0.024310 -0.192000 -0.150000 
0.256412 -0.024691 -0.193500 -0.150000 
0.258374 -0.025076 -0.195000 -0.150000 
0.260336 -0.025464 -0.196500 -0.150000 
0.262298 -0.025854 -0.198000 -0.150000 
0.264259 -0.026247 -0.199500 -0.150000 
0.266219 -0.026644 -0.201000 -0.150000 
0.268179 -0.027043 -0.202500 -0.150000 
0.270138 -0.027445 -0.204000 -0.150000 
0.272097 -0.027850 -0.205500 -0.150000 
0.274054 -0.028259 -0.207000 -0.150000 
0.276012 -0.028670 -0.208500 -0.150000 
0.277968 -0.029084 -0.210000 -0.150000 
0.279925 -0.029501 -0.211500 -0.150000 
0.281880 -0.029920 -0.213000 -0.150000 
0.283835 -0.030343 -0.214500 -0.150000 
0.285789 -0.030769 -0.216000 -0.150000 
0.287742 -0.031198 -0.217500 -0.150000 
0.289695 -0.031629 -0.219000 -0.150000 
0.291648 -0.032064 -0.220500 -0.150000 
0.293599 -0.032501 -0.222000 -0.150000 
0.295550 -0.032941 -0.223500 -0.150000 
0.297500 -0.033385 -0.225000 -0.150000 
0.299450 -0.033831 -0.226500 -0.150000 
0.301399 -0.034280 -0.228000 -0.150000 
0.303347 -0.034732 -0.229500 -0.150000 
0.305295 -0.035187 -0.231000 -0.150000 
0.307241 -0.035645 -0.232500 -0.150000 
0.309188 -0.036106 -0.234000 -0.150000 
0.311133 -0.036570 -0.235500 -0.150000 
0.313078 -0.037036 -0.237000 -0.150000 
0.315022 -0.037506 -0.238500 -0.150000 
0.316965 -0.037978 -0.240000 -0.200000 
0.318908 -0.038454 -0.242000 -0.200000 
0.320850 -0.038933 -0.244000 -0.200000 
0.322791 -0.039416 -0.246000 -0.200000 
0.324730 -0.039903 -0.248000 -0.200000 
0.326669 -0.040394 -0.250000 -0.200000 
0.328607 -0.040889 -0.252000 -0.200000 
0.330544 -0.041388 -0.254000 -0.200000 
0.332480 -0.041890 -0.256000 -0.200000 
0.334415 -0.042397 -0.258000 -0.200000 
0.336348 -0.042907 -0.260000 -0.200000 
0.338281 -0.043421 -0.262000 -0.200000 
0.340213 -0.043939 -0.264000 -0.200000 
0.342144 -0.044461 -0.266000 -0.200000 
0.344073 -0.044987 -0.268000 -0.200000 
0.346002 -0.045516 -0.270000 -0.200000 
0.347929 -0.046050 -0.272000 -0.200000 
0.349856 -0.046587 -0.274000 -0.200000 
0.351781 -0.047128 -0.276000 -0.200000 
0.353706 -0.047673 -0.278000 -0.200000 
0.355629 -0.048222 -0.280000 -0.200000 
0.357551 -0.048775 -0.282000 -0.200000 
0.359472 -0.049331 -0.284000 -0.200000 
0.361392 -0.049892 -0.286000 -0.200000 
0.363310 -0.050456 -0.288000 -0.200000 
0.365228 -0.051024 -0.290000 -0.200000 
0.367145 -0.051596 -0.292000 -0.200000 
0.369060 -0.052172 -0.294000 -0.200000 
0.370974 -0.052751 -0.296000 -0.200000 
0.372887 -0.053335 -0.298000 -0.200000 
0.374799 -0.053922 -0.300000 -0.200000 
0.376710 -0.054513 -0.302000 -0.200000 
0.378619 -0.055108 -0.304000 -0.200000 
0.380527 -0.055707 -0.306000 -0.200000 
0.382435 -0.056309 -0.308000 -0.200000 
0.384340 -0.056915 -0.310000 -0.200000 
0.386245 -0.057525 -0.312000 -0.200000 
0.388149 -0.058139 -0.314000 -0.200000 
0.390051 -0.058757 -0.316000 -0.200000 
0.391952 -0.059379 -0.318000 -0.200000 
0.393851 -0.060004 -0.320000 -0.250000 
0.395750 -0.060633 -0.322500 -0.250000 
0.397647 -0.061267 -0.325000 -0.250000 
0.399542 -0.061906 -0.327500 -0.250000 
0.401436 -0.062549 -0.330000 -0.250000 
0.403328 -0.063197 -0.332500 -0.250000 
0.405218 -0.063850 -0.335000 -0.250000 
0.407107 -0.064507 -0.337500 -0.250000 
0.408994 -0.065170 -0.340000 -0.250000 
0.410880 -0.065837 -0.342500 -0.250000 
0.412764 -0.066508 -0.345000 -0.250000 
0.414646 -0.067185 -0.347500 -0.250000 
0.416526 -0.067866 -0.350000 -0.250000 
0.418405 -0.068552 -0.352500 -0.250000 
0.420282 -0.069242 -0.355000 -0.250000 
0.422157 -0.069937 -0.357500 -0.250000 
0.424031 -0.070637 -0.360000 -0.250000 
0.425903 -0.071342 -0.362500 -0.250000 
0.427773 -0.072051 -0.365000 -0.250000 
0.429641 -0.072765 -0.367500 -0.250000 
0.431507 -0.073483 -0.370000 -0.250000 
0.433372 -0.074207 -0.372500 -0.250000 
0.435235 -0.074935 -0.375000 -0.250000 
0.437096 -0.075667 -0.377500 -0.250000 
0.438955 -0.076404 -0.380000 -0.250000 
0.440812 -0.077146 -0.382500 -0.250000 
0.442668 -0.077893 -0.385000 -0.250000 
0.444522 -0.078644 -0.387500 -0.250000 
0.446373 -0.079399 -0.390000 -0.250000 
0.448223 -0.080160 -0.392500 -0.250000 
0.450071 -0.080925 -0.395000 -0.250000 
0.451917 -0.081694 -0.397500 -0.250000 
0.453761 -0.082469 -0.400000 -0.250000 
0.455603 -0.083248 -0.402500 -0.250000 
0.457443 -0.084031 -0.405000 -0.250000 
0.459282 -0.084819 -0.407500 -0.250000 
0.461118 -0.085612 -0.410000 -0.250000 
0.462952 -0.086409 -0.412500 -0.250000 
0.464784 -0.087211 -0.415000 -0.250000 
0.466614 -0.088017 -0.417500 -0.250000 
0.468443 -0.088828 -0.420000 -0.300000 
0.470269 -0.089644 -0.423000 -0.300000 
0.472093 -0.090464 -0.426000 -0.300000 
0.473914 -0.091291 -0.429000 -0.300000 
0.475733 -0.092123 -0.432000 -0.300000 
0.477549 -0.092960 -0.435000 -0.300000 
0.479363 -0.093803 -0.438000 -0.300000 
0.481174 -0.094651 -0.441000 -0.300000 
0.482982 -0.095505 -0.444000 -0.300000 
0.484789 -0.096364 -0.447000 -0.300000 
0.486592 -0.097229 -0.450000 -0.300000 
0.488393 -0.098099 -0.453000 -0.300000 
0.490191 -0.098974 -0.456000 -0.300000 
0.491987 -0.099855 -0.459000 -0.300000 
0.493780 -0.100741 -0.462000 -0.300000 
0.495570 -0.101632 -0.465000 -0.300000 
0.497358 -0.102529 -0.468000 -0.300000 
0.499143 -0.103431 -0.471000 -0.300000 
0.500925 -0.104339 -0.474000 -0.300000 
0.502704 -0.105252 -0.477000 -0.300000 
0.504481 -0.106170 -0.480000 -0.400000 
0.506255 -0.107094 -0.484000 -0.400000 
0.508025 -0.108024 -0.488000 -0.400000 
0.509792 -0.108962 -0.492000 -0.400000 
0.511555 -0.109907 -0.496000 -0.400000 
0.513314 -0.110858 -0.500000 -0.400000 
0.515069 -0.111817 -0.504000 -0.400000 
0.516820 -0.112783 -0.508000 -0.400000 
0.518568 -0.113756 -0.512000 -0.400000 
0.520311 -0.114736 -0.516000 -0.400000 
0.522051 -0.115723 -0.520000 -0.400000 
0.523786 -0.116716 -0.524000 -0.400000 
0.525518 -0.117717 -0.528000 -0.400000 
0.527246 -0.118725 -0.532000 -0.400000 
0.528969 -0.119739 -0.536000 -0.400000 
0.530689 -0.120761 -0.540000 -0.400000 
0.532404 -0.121789 -0.544000 -0.400000 
0.534116 -0.122824 -0.548000 -0.400000 
0.535823 -0.123866 -0.552000 -0.400000 
0.537526 -0.124915 -0.556000 -0.400000 
0.539224 -0.125970 -0.560000 -0.400000 
0.540919 -0.127033 -0.564000 -0.400000 
0.542609 -0.128102 -0.568000 -0.400000 
0.544295 -0.129178 -0.572000 -0.400000 
0.545977 -0.130260 -0.576000 -0.400000 
0.547654 -0.131350 -0.580000 -0.400000 
0.549327 -0.132446 -0.584000 -0.400000 
0.550996 -0.133549 -0.588000 -0.400000 
0.552660 -0.134658 -0.592000 -0.400000 
0.554319 -0.135774 -0.596000 -0.400000 
0.555974 -0.136897 -0.600000 -0.400000 
0.557625 -0.138026 -0.604000 -0.400000 
0.559271 -0.139162 -0.608000 -0.400000 
0.560913 -0.140304 -0.612000 -0.400000 
0.562550 -0.141453 -0.616000 -0.400000 
0.564182 -0.142609 -0.620000 -0.400000 
0.565810 -0.143771 -0.624000 -0.400000 
0.567433 -0.144940 -0.628000 -0.400000 
0.569052 -0.146115 -0.632000 -0.400000 
0.570665 -0.147296 -0.636000 -0.400000 
0.572274 -0.148484 -0.640000 -0.400000 
0.573878 -0.149678 -0.644000 -0.400000 
0.575478 -0.150879 -0.648000 -0.400000 
0.577072 -0.152086 -0.652000 -0.400000 
0.578662 -0.153300 -0.656000 -0.400000 
0.580247 -0.154520 -0.660000 -0.400000 
0.581827 -0.155746 -0.664000 -0.400000 
0.583402 -0.156979 -0.668000 -0.400000 
0.584972 -0.158218 -0.672000 -0.400000 
0.586537 -0.159463 -0.676000 -0.400000 
0.588097 -0.160714 -0.680000 -0.400000 
0.589653 -0.161972 -0.684000 -0.400000 
0.591203 -0.163235 -0.688000 -0.400000 
0.592748 -0.164505 -0.692000 -0.400000 
0.594288 -0.165782 -0.696000 -0.400000 
0.595823 -0.167064 -0.700000 -0.400000 
0.597352 -0.168352 -0.704000 -0.400000 
0.598877 -0.169647 -0.708000 -0.400000 
0.600396 -0.170947 -0.712000 -0.400000 
0.601910 -0.172254 -0.716000 -0.400000 
0.603419 -0.173567 -0.720000 -0.400000 
0.604923 -0.174886 -0.724000 -0.400000 
0.606421 -0.176210 -0.728000 -0.400000 
0.607914 -0.177541 -0.732000 -0.400000 
0.609402 -0.178878 -0.736000 -0.400000 
0.610884 -0.180221 -0.740000 -0.400000 
0.612361 -0.181569 -0.744000 -0.400000 
0.613832 -0.182924 -0.748000 -0.400000 
0.615299 -0.184284 -0.752000 -0.400000 
0.616759 -0.185650 -0.756000 -0.400000 
0.618214 -0.187022 -0.760000 -0.400000 
0.619664 -0.188400 -0.764000 -0.400000 
0.621108 -0.189784 -0.768000 -0.400000 
0.622547 -0.191173 -0.772000 -0.400000 
0.623980 -0.192568 -0.776000 -0.400000 
0.625407 -0.193969 -0.780000 -0.400000 
0.626829 -0.195376 -0.784000 -0.400000 
0.628245 -0.196788 -0.788000 -0.400000 
0.629656 -0.198206 -0.792000 -0.400000 
0.631061 -0.199629 -0.796000 -0.400000 
0.632460 -0.201058 -0.800000 -0.400000 
0.633853 -0.202493 -0.804000 -0.400000 
0.635241 -0.203933 -0.808000 -0.400000 
0.636623 -0.205379 -0.812000 -0.400000 
0.637999 -0.206830 -0.816000 -0.400000 
0.639369 -0.208287 -0.820000 -0.400000 
0.640734 -0.209750 -0.824000 -0.400000 
0.642092 -0.211217 -0.828000 -0.400000 
0.643445 -0.212691 -0.832000 -0.400000 
0.644792 -0.214169 -0.836000 -0.400000 
0.646133 -0.215653 -0.840000 -0.400000 
0.647467 -0.217142 -0.844000 -0.400000 
0.648796 -0.218637 -0.848000 -0.400000 
0.650119 -0.220137 -0.852000 -0.400000 
0.651436 -0.221642 -0.856000 -0.400000 
0.652747 -0.223152 -0.860000 -0.400000 
0.654052 -0.224668 -0.864000 -0.400000 
0.655351 -0.226189 -0.868000 -0.400000 
0.656644 -0.227715 -0.872000 -0.400000 
0.657930 -0.229246 -0.876000 -0.400000 
0.659211 -0.230783 -0.880000 0.100000 
0.660485 -0.232324 -0.879000 0.100000 
0.661761 -0.233864 -0.878000 0.100000 
0.663038 -0.235403 -0.877000 0.100000 
0.664317 -0.236941 -0.876000 0.100000 
0.665598 -0.238477 -0.875000 0.100000 
0.666880 -0.240012 -0.874000 0.100000 
0.668163 -0.241546 -0.873000 0.100000 
0.669448 -0.243079 -0.872000 0.100000 
0.670735 -0.244610 -0.871000 0.100000 
0.672023 -0.246140 -0.870000 0.100000 
0.673313 -0.247669 -0.869000 0.100000 
0.674604 -0.249196 -0.868000 0.100000 
0.675896 -0.250722 -0.867000 0.100000 
0.677191 -0.252247 -0.866000 0.100000 
0.678486 -0.253770 -0.865000 0.100000 
0.679784 -0.255293 -0.864000 0.100000 
0.681083 -0.256813 -0.863000 0.100000 
0.682383 -0.258333 -0.862000 0.100000 
0.683685 -0.259851 -0.861000 0.100000 
0.684988 -0.261368 -0.860000 0.100000 
0.686293 -0.262884 -0.859000 0.100000 
0.687599 -0.264398 -0.858000 0.100000 
0.688907 -0.265911 -0.857000 0.100000 
0.690217 -0.267423 -0.856000 0.100000 
0.691528 -0.268934 -0.855000 0.100000 
0.692840 -0.270443 -0.854000 0.100000 
0.694154 -0.271951 -0.853000 0.100000 
0.695469 -0.273457 -0.852000 0.100000 
0.696786 -0.274962 -0.851000 0.100000 
0.698105 -0.276466 -0.850000 0.100000 
0.699425 -0.277969 -0.849000 0.100000 
0.700746 -0.279470 -0.848000 0.100000 
0.702069 -0.280970 -0.847000 0.100000 
0.703394 -0.282468 -0.846000 0.100000 
0.704720 -0.283966 -0.845000 0.100000 
0.706047 -0.285462 -0.844000 0.100000 
0.707376 -0.286956 -0.843000 0.100000 
0.708707 -0.288450 -0.842000 0.100000 
0.710038 -0.289942 -0.841000 0.100000 
0.711372 -0.291432 -0.840000 0.100000 
0.712707 -0.292921 -0.839000 0.100000 
0.714043 -0.294409 -0.838000 0.100000 
0.715381 -0.295896 -0.837000 0.100000 
0.716721 -0.297381 -0.836000 0.100000 
0.718061 -0.298865 -0.835000 0.100000 
0.719404 -0.300348 -0.834000 0.100000 
0.720748 -0.301829 -0.833000 0.100000 
0.722093 -0.303309 -0.832000 0.100000 
0.723440 -0.304788 -0.831000 0.100000 
0.724788 -0.306265 -0.830000 0.100000 
0.726138 -0.307741 -0.829000 0.100000 
0.727489 -0.309215 -0.828000 0.100000 
0.728842 -0.310688 -0.827000 0.100000 
0.730196 -0.312160 -0.826000 0.100000 
0.731551 -0.313631 -0.825000 0.100000 
0.732909 -0.315100 -0.824000 0.100000 
0.734267 -0.316567 -0.823000 0.100000 
0.735627 -0.318034 -0.822000 0.100000 
0.736989 -0.319499 -0.821000 0.100000 
0.738352 -0.320962 -0.820000 0.100000 
0.739716 -0.322425 -0.819000 0.100000 
0.741082 -0.323886 -0.818000 0.100000 
0.742449 -0.325345 -0.817000 0.100000 
0.743818 -0.326803 -0.816000 0.100000 
0.745189 -0.328260 -0.815000 0.100000 
0.746560 -0.329716 -0.814000 0.100000 
0.747933 -0.331170 -0.813000 0.100000 
0.749308 -0.332622 -0.812000 0.100000 
0.750684 -0.334074 -0.811000 0.100000 
0.752062 -0.335524 -0.810000 0.100000 
0.753441 -0.336972 -0.809000 0.100000 
0.754821 -0.338420 -0.808000 0.100000 
0.756203 -0.339865 -0.807000 0.100000 
0.757586 -0.341310 -0.806000 0.100000 
0.758971 -0.342753 -0.805000 0.100000 
0.760357 -0.344194 -0.804000 0.100000 
0.761745 -0.345635 -0.803000 0.100000 
0.763134 -0.347074 -0.802000 0.100000 
0.764525 -0.348511 -0.801000 0.100000 
0.765917 -0.349947 -0.800000 -1.000000 
0.767310 -0.351382 -0.810000 -1.000000 
0.768689 -0.352831 -0.820000 -1.000000 
0.770054 -0.354293 -0.830000 -1.000000 
0.771403 -0.355769 -0.840000 -1.000000 
0.772738 -0.357258 -0.850000 -1.000000 
0.774058 -0.358761 -0.860000 -1.000000 
0.775363 -0.360276 -0.870000 -1.000000 
0.776653 -0.361805 -0.880000 -1.000000 
0.777927 -0.363346 -0.890000 -1.000000 
0.779186 -0.364900 -0.900000 -1.000000 
0.780429 -0.366467 -0.910000 -1.000000 
0.781657 -0.368046 -0.920000 -1.000000 
0.782868 -0.369637 -0.930000 -1.000000 
0.784064 -0.371241 -0.940000 -1.000000 
0.785243 -0.372856 -0.950000 -1.000000 
0.786407 -0.374483 -0.960000 -1.000000 
0.787554 -0.376121 -0.970000 -1.000000 
0.788684 -0.377771 -0.980000 -1.000000 
0.789799 -0.379432 -0.990000 -1.000000 
0.790896 -0.381104 -1.000000 0.400000 
0.791977 -0.382787 -0.996000 0.400000 
0.793064 -0.384465 -0.992000 0.400000 
0.794158 -0.386140 -0.988000 0.400000 
0.795259 -0.387809 -0.984000 0.400000 
0.796366 -0.389475 -0.980000 0.400000 
0.797480 -0.391136 -0.976000 0.400000 
0.798601 -0.392792 -0.972000 0.400000 
0.799728 -0.394444 -0.968000 0.400000 
0.800862 -0.396092 -0.964000 0.400000 
0.802002 -0.397735 -0.960000 0.400000 
0.803149 -0.399373 -0.956000 0.400000 
0.804303 -0.401007 -0.952000 0.400000 
0.805463 -0.402636 -0.948000 0.400000 
0.806630 -0.404261 -0.944000 0.400000 
0.807803 -0.405880 -0.940000 0.400000 
0.808982 -0.407496 -0.936000 0.400000 
0.810168 -0.409106 -0.932000 0.400000 
0.811361 -0.410712 -0.928000 0.400000 
0.812560 -0.412312 -0.924000 0.400000 
0.813765 -0.413908 -0.920000 0.350000 
0.814977 -0.415500 -0.916500 0.350000 
0.816194 -0.417087 -0.913000 0.350000 
0.817417 -0.418669 -0.909500 0.350000 
0.818645 -0.420248 -0.906000 0.350000 
0.819879 -0.421822 -0.902500 0.350000 
0.821118 -0.423392 -0.899000 0.350000 
0.822363 -0.424957 -0.895500 0.350000 
0.823613 -0.426518 -0.892000 0.350000 
0.824869 -0.428075 -0.888500 0.350000 
0.826130 -0.429627 -0.885000 0.350000 
0.827396 -0.431175 -0.881500 0.350000 
0.828668 -0.432718 -0.878000 0.350000 
0.829946 -0.434257 -0.874500 0.350000 
0.831229 -0.435792 -0.871000 0.350000 
0.832517 -0.437321 -0.867500 0.350000 
0.833810 -0.438847 -0.864000 0.350000 
0.835109 -0.440368 -0.860500 0.350000 
0.836413 -0.441884 -0.857000 0.350000 
0.837723 -0.443396 -0.853500 0.350000 
0.839037 -0.444903 -0.850000 0.350000 
0.840357 -0.446406 -0.846500 0.350000 
0.841682 -0.447904 -0.843000 0.350000 
0.843013 -0.449397 -0.839500 0.350000 
0.844349 -0.450885 -0.836000 0.350000 
0.845689 -0.452369 -0.832500 0.350000 
0.847035 -0.453849 -0.829000 0.350000 
0.848387 -0.455323 -0.825500 0.350000 
0.849743 -0.456793 -0.822000 0.350000 
0.851105 -0.458258 -0.818500 0.350000 
0.852471 -0.459718 -0.815000 0.350000 
0.853843 -0.461174 -0.811500 0.350000 
0.855220 -0.462624 -0.808000 0.350000 
0.856602 -0.464070 -0.804500 0.350000 
0.857989 -0.465511 -0.801000 0.350000 
0.859381 -0.466947 -0.797500 0.350000 
0.860778 -0.468378 -0.794000 0.350000 
0.862180 -0.469805 -0.790500 0.350000 
0.863587 -0.471226 -0.787000 0.350000 
0.864999 -0.472643 -0.783500 0.350000 
0.866415 -0.474054 -0.780000 0.350000 
0.867837 -0.475461 -0.776500 0.350000 
0.869264 -0.476862 -0.773000 0.350000 
0.870696 -0.478259 -0.769500 0.350000 
0.872132 -0.479650 -0.766000 0.350000 
0.873574 -0.481037 -0.762500 0.350000 
0.875020 -0.482418 -0.759000 0.350000 
0.876471 -0.483795 -0.755500 0.350000 
0.877927 -0.485166 -0.752000 0.350000 
0.879387 -0.486532 -0.748500 0.350000 
0.880853 -0.487893 -0.745000 0.350000 
0.882323 -0.489249 -0.741500 0.350000 
0.883798 -0.490600 -0.738000 0.350000 
0.885277 -0.491946 -0.734500 0.350000 
0.886762 -0.493286 -0.731000 0.350000 
0.888251 -0.494621 -0.727500 0.350000 
0.889744 -0.495951 -0.724000 0.350000 
0.891243 -0.497276 -0.720500 0.350000 
0.892746 -0.498596 -0.717000 0.350000 
0.894253 -0.499910 -0.713500 0.350000 
0.895765 -0.501219 -0.710000 0.350000 
0.897282 -0.502523 -0.706500 0.350000 
0.898803 -0.503821 -0.703000 0.350000 
0.900329 -0.505114 -0.699500 0.350000 
0.901860 -0.506402 -0.696000 0.350000 
0.903394 -0.507684 -0.692500 0.350000 
0.904934 -0.508961 -0.689000 0.350000 
0.906477 -0.510232 -0.685500 0.350000 
0.908026 -0.511498 -0.682000 0.350000 
0.909578 -0.512759 -0.678500 0.350000 
0.911135 -0.514014 -0.675000 0.350000 
0.912697 -0.515264 -0.671500 0.350000 
0.914263 -0.516509 -0.668000 0.350000 
0.915833 -0.517747 -0.664500 0.350000 
0.917407 -0.518981 -0.661000 0.350000 
0.918986 -0.520208 -0.657500 0.350000 
0.920569 -0.521431 -0.654000 0.350000 
0.922156 -0.522648 -0.650500 0.350000 
0.923748 -0.523859 -0.647000 0.350000 
0.925344 -0.525064 -0.643500 0.350000 
0.926944 -0.526264 -0.640000 0.350000 
0.928548 -0.527459 -0.636500 0.350000 
0.930156 -0.528647 -0.633000 0.350000 
0.931769 -0.529831 -0.629500 0.350000 
0.933385 -0.531008 -0.626000 0.350000 
0.935006 -0.532180 -0.622500 0.350000 
0.936631 -0.533346 -0.619000 0.350000 
0.938260 -0.534506 -0.615500 0.350000 
0.939893 -0.535661 -0.612000 0.350000 
0.941530 -0.536810 -0.608500 0.350000 
0.943171 -0.537953 -0.605000 0.350000 
0.944816 -0.539091 -0.601500 0.350000 
0.946465 -0.540223 -0.598000 0.350000 
0.948118 -0.541349 -0.594500 0.350000 
0.949775 -0.542469 -0.591000 0.350000 
0.951435 -0.543583 -0.587500 0.350000 
0.953100 -0.544692 -0.584000 0.350000 
0.954769 -0.545795 -0.580500 0.350000 
0.956441 -0.546891 -0.577000 0.350000 
0.958117 -0.547982 -0.573500 0.350000 
0.959797 -0.549068 -0.570000 0.350000 
0.961481 -0.550147 -0.566500 0.350000 
0.963168 -0.551220 -0.563000 0.350000 
0.964860 -0.552288 -0.559500 0.350000 
0.966555 -0.553349 -0.556000 0.350000 
0.968254 -0.554405 -0.552500 0.350000 
0.969956 -0.555454 -0.549000 0.350000 
0.971662 -0.556498 -0.545500 0.350000 
0.973372 -0.557536 -0.542000 0.350000 
0.975085 -0.558568 -0.538500 0.350000 
0.976802 -0.559593 -0.535000 0.350000 
0.978523 -0.560613 -0.531500 0.350000 
0.980247 -0.561627 -0.528000 0.350000 
0.981974 -0.562634 -0.524500 0.350000 
0.983706 -0.563636 -0.521000 0.350000 
0.985440 -0.564631 -0.517500 0.350000 
0.987178 -0.565621 -0.514000 0.350000 
0.988920 -0.566604 -0.510500 0.350000 
0.990665 -0.567581 -0.507000 0.350000 
0.992413 -0.568552 -0.503500 0.350000 
0.994165 -0.569517 -0.500000 0.350000 
0.995920 -0.570476 -0.496500 0.350000 
0.997679 -0.571429 -0.493000 0.350000 
0.999441 -0.572375 -0.489500 0.350000 
1.001206 -0.573316 -0.486000 0.350000 
1.002974 -0.574250 -0.482500 0.350000 
1.004746 -0.575178 -0.479000 0.350000 
1.006521 -0.576100 -0.475500 0.350000 
1.008299 -0.577015 -0.472000 0.350000 
1.010080 -0.577925 -0.468500 0.350000 
1.011865 -0.578828 -0.465000 0.350000 
1.013652 -0.579725 -0.461500 0.350000 
1.015443 -0.580615 -0.458000 0.350000 
1.017237 -0.581499 -0.454500 0.350000 
1.019034 -0.582377 -0.451000 0.350000 
1.020834 -0.583249 -0.447500 0.350000 
1.022637 -0.584115 -0.444000 0.350000 
1.024443 -0.584974 -0.440500 0.350000 
1.026252 -0.585827 -0.437000 0.350000 
1.028064 -0.586673 -0.433500 0.350000 
1.029879 -0.587513 -0.430000 0.350000 
1.031697 -0.588347 -0.426500 0.350000 
1.033518 -0.589174 -0.423000 0.350000 
1.035342 -0.589995 -0.419500 0.350000 
1.037168 -0.590810 -0.416000 0.350000 
1.038998 -0.591618 -0.412500 0.350000 
1.040830 -0.592420 -0.409000 0.350000 
1.042665 -0.593215 -0.405500 0.350000 
1.044503 -0.594004 -0.402000 0.350000 
1.046343 -0.594787 -0.398500 0.350000 
1.048187 -0.595563 -0.395000 0.350000 
1.050033 -0.596332 -0.391500 0.350000 
1.051881 -0.597096 -0.388000 0.350000 
1.053733 -0.597852 -0.384500 0.350000 
1.055587 -0.598602 -0.381000 0.350000 
1.057443 -0.599346 -0.377500 0.350000 
1.059302 -0.600083 -0.374000 0.350000 
1.061164 -0.600814 -0.370500 0.350000 
1.063028 -0.601538 -0.367000 0.350000 
1.064895 -0.602256 -0.363500 0.350000 
1.066765 -0.602967 -0.360000 0.350000 
1.068636 -0.603671 -0.356500 0.350000 
1.070511 -0.604369 -0.353000 0.350000 
1.072387 -0.605061 -0.349500 0.350000 
1.074266 -0.605746 -0.346000 0.350000 
1.076148 -0.606424 -0.342500 0.350000 
1.078032 -0.607096 -0.339000 0.350000 
1.079918 -0.607761 -0.335500 0.350000 
1.081806 -0.608419 -0.332000 0.350000 
1.083697 -0.609071 -0.328500 0.350000 
1.085590 -0.609716 -0.325000 0.350000 
1.087486 -0.610355 -0.321500 0.350000 
1.089383 -0.610987 -0.318000 0.350000 
1.091283 -0.611612 -0.314500 0.350000 
1.093185 -0.612231 -0.311000 0.350000 
1.095089 -0.612843 -0.307500 0.350000 
1.096995 -0.613448 -0.304000 0.350000 
1.098903 -0.614047 -0.300500 0.350000 
1.100814 -0.614639 -0.297000 0.350000 
1.102726 -0.615224 -0.293500 0.350000 
1.104641 -0.615803 -0.290000 0.250000 
1.106557 -0.616375 -0.287500 0.250000 
1.108475 -0.616942 -0.285000 0.250000 
1.110394 -0.617504 -0.282500 0.250000 
1.112315 -0.618062 -0.280000 0.250000 
1.114237 -0.618614 -0.277500 0.250000 
1.116161 -0.619162 -0.275000 0.250000 
1.118085 -0.619705 -0.272500 0.250000 
1.120012 -0.620244 -0.270000 0.250000 
1.121939 -0.620777 -0.267500 0.250000 
1.123868 -0.621306 -0.265000 0.250000 
1.125798 -0.621830 -0.262500 0.250000 
1.127730 -0.622349 -0.260000 0.250000 
1.129662 -0.622863 -0.257500 0.250000 
1.131597 -0.623372 -0.255000 0.250000 
1.133532 -0.623877 -0.252500 0.250000 
1.135468 -0.624376 -0.250000 0.250000 
1.137406 -0.624871 -0.247500 0.250000 
1.139345 -0.625361 -0.245000 0.250000 
1.141286 -0.625846 -0.242500 0.250000 
1.143227 -0.626326 -0.240000 0.200000 
1.145170 -0.626802 -0.238000 0.200000 
1.147113 -0.627273 -0.236000 0.200000 
1.149058 -0.627741 -0.234000 0.200000 
1.151003 -0.628205 -0.232000 0.200000 
1.152950 -0.628665 -0.230000 0.200000 
1.154897 -0.629121 -0.228000 0.200000 
1.156845 -0.629573 -0.226000 0.200000 
1.158795 -0.630021 -0.224000 0.200000 
1.160745 -0.630465 -0.222000 0.200000 
1.162696 -0.630905 -0.220000 0.200000 
1.164647 -0.631342 -0.218000 0.200000 
1.166600 -0.631774 -0.216000 0.200000 
1.168554 -0.632203 -0.214000 0.200000 
1.170508 -0.632628 -0.212000 0.200000 
1.172463 -0.633049 -0.210000 0.200000 
1.174419 -0.633466 -0.208000 0.200000 
1.176376 -0.633879 -0.206000 0.200000 
1.178334 -0.634288 -0.204000 0.200000 
1.180292 -0.634693 -0.202000 0.200000 
1.182252 -0.635094 -0.200000 -0.050000 
1.184212 -0.635491 -0.200500 -0.050000 
1.186172 -0.635890 -0.201000 -0.050000 
1.188131 -0.636289 -0.201500 -0.050000 
1.190091 -0.636689 -0.202000 -0.050000 
1.192050 -0.637091 -0.202500 -0.050000 
1.194009 -0.637493 -0.203000 -0.050000 
1.195968 -0.637896 -0.203500 -0.050000 
1.197927 -0.638300 -0.204000 -0.050000 
1.199886 -0.638705 -0.204500 -0.050000 
1.201844 -0.639112 -0.205000 -0.050000 
1.203802 -0.639519 -0.205500 -0.050000 
1.205760 -0.639927 -0.206000 -0.050000 
1.207718 -0.640336 -0.206500 -0.050000 
1.209675 -0.640746 -0.207000 -0.050000 
1.211633 -0.641157 -0.207500 -0.050000 
1.213590 -0.641569 -0.208000 -0.050000 
1.215547 -0.641982 -0.208500 -0.050000 
1.217503 -0.642396 -0.209000 -0.050000 
1.219460 -0.642811 -0.209500 -0.050000 
1.221416 -0.643227 -0.210000 -0.050000 
1.223372 -0.643644 -0.210500 -0.050000 
1.225328 -0.644062 -0.211000 -0.050000 
1.227284 -0.644481 -0.211500 -0.050000 
1.229239 -0.644900 -0.212000 -0.050000 
1.231194 -0.645321 -0.212500 -0.050000 
1.233149 -0.645743 -0.213000 -0.050000 
1.235104 -0.646166 -0.213500 -0.050000 
1.237059 -0.646590 -0.214000 -0.050000 
1.239013 -0.647014 -0.214500 -0.050000 
1.240967 -0.647440 -0.215000 -0.050000 
1.242921 -0.647867 -0.215500 -0.050000 
1.244875 -0.648294 -0.216000 -0.050000 
1.246828 -0.648723 -0.216500 -0.050000 
1.248782 -0.649153 -0.217000 -0.050000 
1.250735 -0.649583 -0.217500 -0.050000 
1.252688 -0.650015 -0.218000 -0.050000 
1.254640 -0.650447 -0.218500 -0.050000 
1.256593 -0.650881 -0.219000 -0.050000 
1.258545 -0.651316 -0.219500 -0.050000 
1.260497 -0.651751 -0.220000 -0.050000 
1.262449 -0.652187 -0.220500 -0.050000 
1.264400 -0.652625 -0.221000 -0.050000 
1.266352 -0.653063 -0.221500 -0.050000 
1.268303 -0.653503 -0.222000 -0.050000 
1.270254 -0.653943 -0.222500 -0.050000 
1.272204 -0.654384 -0.223000 -0.050000 
1.274155 -0.654827 -0.223500 -0.050000 
1.276105 -0.655270 -0.224000 -0.050000 
1.278055 -0.655714 -0.224500 -0.050000 
1.280005 -0.656160 -0.225000 -0.050000 
1.281955 -0.656606 -0.225500 -0.050000 
1.283904 -0.657053 -0.226000 -0.050000 
1.285853 -0.657501 -0.226500 -0.050000 
1.287802 -0.657950 -0.227000 -0.050000 
1.289751 -0.658400 -0.227500 -0.050000 
1.291699 -0.658851 -0.228000 -0.050000 
1.293647 -0.659303 -0.228500 -0.050000 
1.295595 -0.659757 -0.229000 -0.050000 
1.297543 -0.660211 -0.229500 -0.050000 
1.299491 -0.660665 -0.230000 -0.050000 
1.301438 -0.661121 -0.230500 -0.050000 
1.303385 -0.661578 -0.231000 -0.050000 
1.305332 -0.662036 -0.231500 -0.050000 
1.307279 -0.662495 -0.232000 -0.050000 
1.309225 -0.662955 -0.232500 -0.050000 
1.311171 -0.663416 -0.233000 -0.050000 
1.313117 -0.663878 -0.233500 -0.050000 
1.315063 -0.664340 -0.234000 -0.050000 
1.317009 -0.664804 -0.234500 -0.050000 
1.318954 -0.665269 -0.235000 -0.050000 
1.320899 -0.665735 -0.235500 -0.050000 
1.322844 -0.666201 -0.236000 -0.050000 
1.324788 -0.666669 -0.236500 -0.050000 
1.326733 -0.667137 -0.237000 -0.050000 
1.328677 -0.667607 -0.237500 -0.050000 
1.330620 -0.668078 -0.238000 -0.050000 
1.332564 -0.668549 -0.238500 -0.050000 
1.334507 -0.669022 -0.239000 -0.050000 
1.336451 -0.669495 -0.239500 -0.050000 
1.338394 -0.669969 -0.240000 -0.050000 
1.340336 -0.670445 -0.240500 -0.050000 
1.342279 -0.670921 -0.241000 -0.050000 
1.344221 -0.671399 -0.241500 -0.050000 
1.346163 -0.671877 -0.242000 -0.050000 
1.348105 -0.672356 -0.242500 -0.050000 
1.350046 -0.672836 -0.243000 -0.050000 
1.351987 -0.673318 -0.243500 -0.050000 
1.353928 -0.673800 -0.244000 -0.050000 
1.355869 -0.674283 -0.244500 -0.050000 
1.357810 -0.674767 -0.245000 -0.050000 
1.359750 -0.675252 -0.245500 -0.050000 
1.361690 -0.675738 -0.246000 -0.050000 
1.363630 -0.676225 -0.246500 -0.050000 
1.365569 -0.676713 -0.247000 -0.050000 
1.367508 -0.677202 -0.247500 -0.050000 
1.369448 -0.677692 -0.248000 -0.050000 
1.371386 -0.678183 -0.248500 -0.050000 
1.373325 -0.678675 -0.249000 -0.050000 
1.375263 -0.679168 -0.249500 -0.050000 
1.377201 -0.679662 -0.250000 -0.050000 
1.379139 -0.680157 -0.250500 -0.050000 
1.381077 -0.680653 -0.251000 -0.050000 
1.383014 -0.681149 -0.251500 -0.050000 
1.384951 -0.681647 -0.252000 -0.050000 
1.386888 -0.682146 -0.252500 -0.050000 
1.388825 -0.682645 -0.253000 -0.050000 
1.390761 -0.683146 -0.253500 -0.050000 
1.392697 -0.683648 -0.254000 -0.050000 
1.394633 -0.684150 -0.254500 -0.050000 
1.396568 -0.684654 -0.255000 -0.050000 
1.398504 -0.685158 -0.255500 -0.050000 
1.400439 -0.685664 -0.256000 -0.050000 
1.402374 -0.686170 -0.256500 -0.050000 
1.404308 -0.686677 -0.257000 -0.050000 
1.406242 -0.687186 -0.257500 -0.050000 
1.408177 -0.687695 -0.258000 -0.050000 
1.410110 -0.688205 -0.258500 -0.050000 
1.412044 -0.688717 -0.259000 -0.050000 
1.413977 -0.689229 -0.259500 -0.050000 
1.415910 -0.689742 -0.260000 -0.500000 
1.417843 -0.690256 -0.265000 -0.500000 
1.419773 -0.690780 -0.270000 -0.500000 
1.421701 -0.691313 -0.275000 -0.500000 
1.423626 -0.691857 -0.280000 -0.500000 
1.425548 -0.692409 -0.285000 -0.500000 
1.427467 -0.692972 -0.290000 -0.500000 
1.429383 -0.693544 -0.295000 -0.500000 
1.431297 -0.694125 -0.300000 -0.500000 
1.433208 -0.694716 -0.305000 -0.500000 
1.435115 -0.695317 -0.310000 -0.500000 
1.437020 -0.695927 -0.315000 -0.500000 
1.438922 -0.696546 -0.320000 -0.500000 
1.440820 -0.697176 -0.325000 -0.500000 
1.442715 -0.697814 -0.330000 -0.500000 
1.444608 -0.698462 -0.335000 -0.500000 
1.446496 -0.699120 -0.340000 -0.500000 
1.448382 -0.699787 -0.345000 -0.500000 
1.450264 -0.700463 -0.350000 -0.500000 
1.452143 -0.701149 -0.355000 -0.500000 
1.454018 -0.701844 -0.360000 -0.450000 
1.455890 -0.702549 -0.364500 -0.450000 
1.457758 -0.703262 -0.369000 -0.450000 
1.459624 -0.703983 -0.373500 -0.450000 
1.461486 -0.704713 -0.378000 -0.450000 
1.463345 -0.705451 -0.382500 -0.450000 
1.465200 -0.706197 -0.387000 -0.450000 
1.467052 -0.706952 -0.391500 -0.450000 
1.468901 -0.707715 -0.396000 -0.450000 
1.470746 -0.708487 -0.400500 -0.450000 
1.472588 -0.709267 -0.405000 -0.450000 
1.474426 -0.710055 -0.409500 -0.450000 
1.476261 -0.710851 -0.414000 -0.450000 
1.478092 -0.711655 -0.418500 -0.450000 
1.479919 -0.712468 -0.423000 -0.450000 
1.481743 -0.713289 -0.427500 -0.450000 
1.483563 -0.714118 -0.432000 -0.450000 
1.485379 -0.714956 -0.436500 -0.450000 
1.487192 -0.715801 -0.441000 -0.450000 
1.489000 -0.716655 -0.445500 -0.450000 
1.490805 -0.717517 -0.450000 -0.450000 
1.492606 -0.718387 -0.454500 -0.450000 
1.494403 -0.719265 -0.459000 -0.450000 
1.496196 -0.720151 -0.463500 -0.450000 
1.497985 -0.721045 -0.468000 -0.450000 
1.499770 -0.721947 -0.472500 -0.450000 
1.501551 -0.722857 -0.477000 -0.450000 
1.503328 -0.723776 -0.481500 -0.450000 
1.505100 -0.724702 -0.486000 -0.450000 
1.506869 -0.725636 -0.490500 -0.450000 
1.508633 -0.726578 -0.495000 -0.450000 
1.510393 -0.727528 -0.499500 -0.450000 
1.512148 -0.728486 -0.504000 -0.450000 
1.513900 -0.729452 -0.508500 -0.450000 
1.515647 -0.730426 -0.513000 -0.450000 
1.517389 -0.731407 -0.517500 -0.450000 
1.519127 -0.732397 -0.522000 -0.450000 
1.520861 -0.733394 -0.526500 -0.450000 
1.522590 -0.734399 -0.531000 -0.450000 
1.524315 -0.735412 -0.535500 -0.450000 
1.526035 -0.736432 -0.540000 -0.450000 
1.527750 -0.737461 -0.544500 -0.450000 
1.529461 -0.738497 -0.549000 -0.450000 
1.531167 -0.739540 -0.553500 -0.450000 
1.532868 -0.740592 -0.558000 -0.450000 
1.534565 -0.741651 -0.562500 -0.450000 
1.536257 -0.742717 -0.567000 -0.450000 
1.537944 -0.743792 -0.571500 -0.450000 
1.539626 -0.744873 -0.576000 -0.450000 
1.541303 -0.745963 -0.580500 -0.450000 
1.542976 -0.747060 -0.585000 -0.450000 
1.544643 -0.748164 -0.589500 -0.450000 
1.546306 -0.749276 -0.594000 -0.450000 
1.547963 -0.750395 -0.598500 -0.450000 
1.549615 -0.751522 -0.603000 -0.450000 
1.551263 -0.752656 -0.607500 -0.450000 
1.552905 -0.753798 -0.612000 -0.450000 
1.554542 -0.754947 -0.616500 -0.450000 
1.556174 -0.756103 -0.621000 -0.450000 
1.557800 -0.757267 -0.625500 -0.450000 
1.559422 -0.758438 -0.630000 -0.450000 
1.561038 -0.759616 -0.634500 -0.450000 
1.562648 -0.760802 -0.639000 -0.450000 
1.564254 -0.761995 -0.643500 -0.450000 
1.565854 -0.763195 -0.648000 -0.450000 
1.567448 -0.764402 -0.652500 -0.450000 
1.569037 -0.765616 -0.657000 -0.450000 
1.570621 -0.766838 -0.661500 -0.450000 
1.572199 -0.768066 -0.666000 -0.450000 
1.573772 -0.769302 -0.670500 -0.450000 
1.575339 -0.770545 -0.675000 -0.450000 
1.576900 -0.771794 -0.679500 -0.450000 
1.578456 -0.773051 -0.684000 -0.450000 
1.580006 -0.774315 -0.688500 -0.450000 
1.581551 -0.775586 -0.693000 -0.450000 
1.583089 -0.776863 -0.697500 -0.450000 
1.584622 -0.778148 -0.702000 -0.450000 
1.586149 -0.779440 -0.706500 -0.450000 
1.587671 -0.780738 -0.711000 -0.450000 
1.589186 -0.782043 -0.715500 -0.450000 
1.590695 -0.783355 -0.720000 -0.450000 
1.592199 -0.784674 -0.724500 -0.450000 
1.593697 -0.785999 -0.729000 -0.450000 
1.595188 -0.787332 -0.733500 -0.450000 
1.596674 -0.788671 -0.738000 -0.450000 
1.598154 -0.790016 -0.742500 -0.450000 
1.599627 -0.791368 -0.747000 -0.450000 
1.601095 -0.792727 -0.751500 -0.450000 
1.602556 -0.794093 -0.756000 -0.450000 
1.604011 -0.795465 -0.760500 -0.450000 
1.605460 -0.796843 -0.765000 -0.450000 
1.606903 -0.798229 -0.769500 -0.450000 
1.608340 -0.799620 -0.774000 -0.450000 
1.609770 -0.801018 -0.778500 -0.450000 
1.611194 -0.802422 -0.783000 -0.450000 
1.612611 -0.803833 -0.787500 -0.450000 
1.614023 -0.805250 -0.792000 -0.450000 
1.615427 -0.806674 -0.796500 -0.450000 
1.616826 -0.808104 -0.801000 -0.450000 
1.618218 -0.809540 -0.805500 -0.450000 
1.619603 -0.810982 -0.810000 -0.450000 
1.620982 -0.812431 -0.814500 -0.450000 
1.622355 -0.813886 -0.819000 -0.450000 
1.623721 -0.815347 -0.823500 -0.450000 
1.625080 -0.816814 -0.828000 -0.450000 
1.626433 -0.818287 -0.832500 -0.450000 
1.627779 -0.819766 -0.837000 -0.450000 
1.629118 -0.821251 -0.841500 -0.450000 
1.630451 -0.822743 -0.846000 -0.450000 
1.631777 -0.824240 -0.850500 -0.450000 
1.633096 -0.825743 -0.855000 -0.450000 
1.634408 -0.827252 -0.859500 -0.450000 
1.635714 -0.828767 -0.864000 -0.450000 
1.637013 -0.830288 -0.868500 -0.450000 
1.638305 -0.831815 -0.873000 -0.450000 
1.639590 -0.833347 -0.877500 -0.450000 
1.640868 -0.834886 -0.882000 -0.450000 
1.642139 -0.836430 -0.886500 -0.450000 
1.643404 -0.837979 -0.891000 -0.450000 
1.644661 -0.839535 -0.895500 -0.450000 
1.645911 -0.841096 -0.900000 -0.450000 
1.647154 -0.842663 -0.904500 -0.450000 
1.648390 -0.844235 -0.909000 -0.450000 
1.649619 -0.845813 -0.913500 -0.450000 
1.650841 -0.847396 -0.918000 -0.450000 
1.652056 -0.848985 -0.922500 -0.450000 
1.653264 -0.850579 -0.927000 -0.450000 
1.654464 -0.852178 -0.931500 -0.450000 
1.655658 -0.853783 -0.936000 -0.450000 
1.656844 -0.855394 -0.940500 -0.450000 
1.658022 -0.857010 -0.945000 -0.450000 
1.659194 -0.858631 -0.949500 -0.450000 
1.660358 -0.860257 -0.954000 -0.450000 
1.661515 -0.861888 -0.958500 -0.450000 
1.662664 -0.863525 -0.963000 -0.450000 
1.663807 -0.865167 -0.967500 -0.450000 
1.664941 -0.866814 -0.972000 -0.450000 
1.666069 -0.868466 -0.976500 -0.450000 
1.667188 -0.870123 -0.981000 -0.450000 
1.668301 -0.871785 -0.985500 -0.450000 
1.669406 -0.873452 -0.990000 -0.450000 
1.670503 -0.875124 -0.994500 -0.450000 
1.671593 -0.876801 -0.999000 -0.450000 
1.672675 -0.878483 -1.003500 -0.450000 
1.673750 -0.880170 -1.008000 -0.450000 
1.674817 -0.881861 -1.012500 -0.450000 
1.675877 -0.883557 -1.017000 -0.450000 
1.676928 -0.885259 -1.021500 -0.450000 
1.677973 -0.886964 -1.026000 -0.450000 
1.679009 -0.888675 -1.030500 -0.450000 
1.680038 -0.890390 -1.035000 -0.450000 
1.681059 -0.892110 -1.039500 -0.450000 
1.682072 -0.893834 -1.044000 -0.450000 
1.683078 -0.895563 -1.048500 -0.450000 
1.684075 -0.897296 -1.053000 -0.450000 
1.685065 -0.899034 -1.057500 -0.450000 
1.686047 -0.900776 -1.062000 -0.450000 
1.687022 -0.902523 -1.066500 -0.450000 
1.687988 -0.904274 -1.071000 -0.450000 
1.688947 -0.906029 -1.075500 -0.450000 
